image: ./lab_simu.pgm
resolution: 0.020000
origin: [-9.002159, -5.087165, 0.000000]
negate: 0
occupied_thresh: 0.65
free_thresh: 0.196

